# Created by Octave 3.8.1, Thu Sep 10 06:26:16 2015 IST <shivin@shivin>
# name: A
# type: scalar
1


# name: ConvergenceCurve
# type: matrix
# rows: 1
# columns: 1500
 0 0 0 0 0 0 0 0 0 0 0 0 0 0 0 0 0 0 0 0 0 0 0 0 0 0 0 0 19349 19349 19349 19349 19349 19349 19349 19349 19349 19349 19349 21284 21284 21284 21284 21284 21284 21284 21284 21284 21284 21284 21284 21284 21284 21284 21284 21284 21284 21284 21284 21284 21284 21284 21284 21284 21284 21284 21284 21284 21284 21284 21284 21284 21284 21284 21284 21284 21284 21284 21284 21284 21284 21284 21284 21284 21284 21284 21284 21284 21284 21284 21284 21284 21284 21284 21284 21284 21284 21284 21284 21284 21284 21284 21284 21284 21284 21284 21284 21284 21284 21284 21284 21284 21284 21284 21284 21284 21284 21284 21284 21284 21284 21284 21284 21284 21284 21284 21284 21284 21284 21284 21284 21284 21284 21284 21284 21284 21284 21284 21284 21284 21284 21284 21284 21284 21284 21284 21284 21284 21284 21284 21284 21284 21284 21284 21284 21284 21284 21284 21284 21284 21284 21284 21284 21284 21284 21284 21284 21284 21284 21284 21284 21284 21284 21284 21284 21284 21284 21284 21284 21284 21284 21284 21284 21284 21284 21284 21284 21284 21284 21284 21284 21284 21284 21284 21284 21284 21284 21284 21284 21284 21284 21284 21284 21284 21284 21284 21284 21284 21284 21284 21284 21284 21284 21284 21284 21284 21284 21284 21284 21284 21284 21284 21284 21284 21284 21284 21284 21284 21284 21284 21284 21284 21284 21284 21284 21284 21284 21284 21284 21284 21284 21284 21284 21284 21284 21284 21284 21284 21284 21284 21284 21284 21284 21284 21284 21284 21284 21284 21284 21284 21284 21284 21284 21284 21284 21284 21284 21284 21284 21284 21284 21284 21284 21284 21284 21284 21284 21284 21284 21284 21284 21284 21284 21284 21284 21284 21284 21284 21284 21284 21284 21284 21284 21284 21284 21284 21284 21284 21284 21284 21284 21284 21284 21284 21284 21284 21284 21284 21284 21284 21284 21284 21284 21284 21284 21284 21284 21284 21284 21284 21284 21284 21284 21284 21284 21284 21284 21284 21284 21284 21284 21284 21284 21284 21284 21284 21284 21284 21284 21284 21284 21284 21284 21284 21284 21284 21284 21284 21284 21284 21284 21284 21284 21284 21284 21284 21284 21284 21284 21284 21284 21284 21284 21284 21284 21284 21284 21284 21284 21284 21284 21284 21284 21284 21284 21284 21284 21284 21284 21284 21284 21284 21284 21284 21284 21284 21284 21284 21284 21284 21284 21284 21284 21284 21284 21284 21284 21284 21284 21284 21284 21284 21284 21284 21284 21284 21284 21284 21284 21284 21284 21284 21284 21284 21284 21284 21284 21284 21284 21284 21284 21284 21284 21284 21284 21284 21284 21284 21284 21284 21284 21284 21284 21284 21284 21284 21284 21284 21284 21284 21284 21284 21284 21284 21284 21284 21284 21284 21284 21284 21284 21284 21284 21284 21284 21284 21284 21284 21284 21284 21284 21284 21284 21284 21284 21284 21284 21284 21284 21284 21284 21284 21284 21284 21284 21284 21284 21284 21284 21284 21284 21284 21284 21284 21284 21284 21284 21284 21284 21284 21284 21284 21284 21284 21284 21284 21284 21284 21284 21284 21284 21284 21284 21284 21284 21284 21284 21284 21284 21284 21284 21284 21284 21284 21284 21284 21284 21284 21284 21284 21284 21284 21284 21284 21284 21284 21284 21284 21284 21284 21284 21284 21284 21284 21284 21284 21284 21284 21284 21284 21284 21284 21284 21284 21284 21284 21284 21284 21284 21284 21284 21284 21284 21284 21284 21284 21284 21284 21284 21284 21284 21284 21284 21284 21284 21284 21284 21284 21284 21284 21284 21284 21284 21284 21284 21284 21284 21284 21284 21284 21284 21284 21284 21284 21284 21284 21284 21284 21284 21284 21284 21284 21284 21284 21284 21284 21284 21284 21284 21284 21284 21284 21284 21284 21284 21284 21284 21284 21284 21284 21284 21284 21284 21284 21284 21284 21284 21284 21284 21284 21284 21284 21284 21284 21284 21284 21284 21284 21284 21284 21284 21284 21284 21284 21284 21284 21284 21284 21284 21284 21284 21284 21284 21284 21284 21284 21284 21284 21284 21284 21284 21284 21284 21284 21284 21284 21284 21284 21284 21284 21284 21284 21284 21284 21284 21284 21284 21284 21284 21284 21284 21284 21284 21284 21284 21284 21284 21284 21284 21284 21284 21673 21673 21673 21673 21673 21673 21673 21673 21673 21673 21673 21673 21673 21673 21673 21673 21673 21673 21673 21673 21673 21673 21673 21673 21673 21673 21673 21673 21673 21673 21673 21673 21673 21673 21673 21673 21673 21673 21673 21673 21673 21673 21673 21673 21673 21673 21673 21673 21673 21673 21673 21673 21673 21673 21673 21673 21673 21673 21673 21673 21673 21673 21673 21673 21673 21673 21673 21673 21673 21673 21673 21673 21673 21673 21673 21673 21673 21673 21673 21673 21673 21673 21673 21673 21673 21673 21673 21673 21673 21673 21673 21673 21673 21673 21673 21673 21673 21673 21673 21673 21673 21673 21673 21673 21673 21673 21673 21673 21673 21673 21673 21673 21673 21673 21673 21673 21673 21673 21673 21673 21673 21673 21673 21673 21673 21673 21673 21673 21673 21673 21673 21673 21673 21673 21673 21673 21673 21673 21673 21673 21673 21673 21673 21673 21673 21673 21673 21673 21673 21673 21673 21673 21673 21673 21673 21673 21673 21673 21673 21673 21673 21673 21673 21673 21673 21673 21673 21673 21673 21673 21673 21673 21673 21673 21673 21673 21673 21673 21673 21673 21673 21673 21673 21673 21673 21673 21673 21673 21673 21673 21673 21673 21673 21673 21673 21673 21673 21673 21673 21673 21673 21673 21673 21673 21673 21673 21673 21673 21673 21673 21673 21673 21673 21673 21673 21673 21673 21673 21673 21673 21673 21673 21673 21673 21673 21673 21673 21673 21673 21673 21673 21673 21673 21673 21673 21673 21673 21673 21673 21673 21673 21673 21673 21673 21673 21673 21673 21673 21673 21673 21673 21673 21673 21673 21673 21673 21673 21673 21673 21673 21673 21673 21673 21673 21673 21673 21673 21673 21673 21673 21673 21673 21673 21673 21673 21673 21673 21673 21673 21673 21673 21673 21673 21673 21673 21673 21673 21673 21673 21673 21673 21673 21673 21673 21673 21673 21673 21673 21673 21673 21673 21673 21673 21673 21673 21673 21673 21673 21673 21673 21673 21673 21673 21673 21673 21673 21673 21673 21673 21673 21673 21673 21673 21673 21673 21673 21673 21673 21673 21673 21673 21673 21673 21673 21673 21673 21673 21673 21673 21673 21673 21673 21673 21673 21673 21673 21673 21673 21673 21673 21673 21673 21673 21673 21673 21673 21673 21673 21673 21673 21673 21673 21673 21673 21673 21673 21673 21673 21673 21673 21673 21673 21673 21673 21673 21673 21673 21673 21673 21673 21673 21673 21673 21673 21673 21673 21673 21673 21673 21673 21673 21673 21673 21673 21673 21673 21673 21673 21673 21673 21673 21673 21673 21673 21673 21673 21673 21673 21673 21673 21673 21673 21673 21673 21673 21673 21673 21673 21673 21673 21673 21673 21673 21673 21673 21673 21673 21673 21673 21673 21673 21673 21673 21673 21673 21673 21673 21673 21673 21673 21673 21673 21673 21673 21673 21673 21673 21673 21673 21673 21673 21673 21673 21673 21673 21673 21673 21673 21673 21673 21673 21673 21673 21673 21673 21673 21673 21673 21673 21673 21673 21673 21673 21673 21673 21673 21673 21673 21673 21673 21673 21673 21673 21673 21673 21673 21673 21673 21673 21673 21673 21673 21673 21673 21673 21673 21673 21673 21673 21673 21673 21673 21673 21673 21673 21673 21673 21673 21673 21673 21673 21673 21673 21673 21673 21673 21673 21673 21673 21673 21673 21673 21673 21673 21673 21673 21673 21673 21673 21673 21673 21673 21673 21673 21673 21673 21673 21673 21673 21673 21673 21673 21673 21673 21673 21673 21673 21673 21673 21673 21673 21673 21673 21673 21673 21673 21673 21673 21673 21673 21673 21673 21673 21673 21673 21673 21673 21673 21673 21673 21673 21673 21673 21673 21673 21673 21673 21673 21673 21673 21673 21673 21673 21673 21673 21673 21673 21673 21673 21673 21673 21673 21673 21673 21673 21673 21673 21673 21673 21673 21673 21673 21673 21673 21673 21673 21673 21673 21673 21673 21673 21673 21673 21673 21673 21673 21673 21673 21673 21673 21673 21673 21673 21673 21673 21673 21673 21673 21673 21673 21673 21673 21673 21673 21673 21673 21673 21673 21673 21673 21673 21673 21673 